       zone           rmse          wrmse            mae          mape
0    zone_1    5054.979870   11171.894584    3126.129657  7.359698e+10
1    zone_2   40639.951072  101075.046219   24049.781471  6.820064e+11
2    zone_3   43846.119657  109084.497015   25920.847382  7.359823e+11
3    zone_4     124.846509     294.236862      75.792000  1.987578e+09
4    zone_5    2020.144845    4938.894823    1194.665446  3.253427e+10
5    zone_6   42409.371607  106492.683899   24793.156226  7.198562e+11
6    zone_7   43846.119657  109084.497015   25920.847382  7.359823e+11
7    zone_8     961.645714    2203.130647     576.547296  1.472747e+10
8    zone_9   23200.856254   38272.057888   17017.067723  2.595673e+11
9   zone_10   14312.432814   16429.244985   10071.147649  1.090403e+11
10  zone_11   27401.328491   64191.931382   16288.504744  4.264377e+11
11  zone_12   34618.104206   81600.660981   20111.478957  5.383384e+11
12  zone_13    5004.520869   11705.048867    3081.521302  7.873356e+10
13  zone_14    5739.421005   12988.308378    3623.393720  8.546594e+10
14  zone_15   16147.880248   37427.366377    9842.914520  2.504530e+11
15  zone_16    7800.900321   18108.271916    4678.764467  1.188702e+11
16  zone_17    8067.721270   19478.127569    4828.891716  1.306873e+11
17  zone_18   54914.753989  128343.811779   33148.712279  8.515907e+11
18  zone_19   20898.117113   47601.880533   12949.511462  3.151762e+11
19  zone_20   21650.111257   51384.104801   13159.850502  3.459648e+11
20  zone_21  393991.252273  973937.310628  229085.887863  6.559726e+12
       station      rmse       mae          mape
0    station_1  0.612025  0.482869  57229.933738
1    station_2  0.606798  0.476461  56435.962569
2    station_3  0.601684  0.475991  57086.940057
3    station_4  0.618965  0.490341  56846.410597
4    station_5  0.612032  0.481775  57838.406794
5    station_6  0.600056  0.475108  57332.402667
6    station_7  0.593618  0.465904  57934.760915
7    station_8  0.612986  0.485686  56192.993032
8    station_9  0.584698  0.459161  59432.334561
9   station_10  0.601031  0.474462  56405.541634
10  station_11  0.605240  0.475101  59383.589208
       zone           rmse          wrmse            mae          mape
0    zone_1    5054.979870   11171.894584    3126.129657  7.359698e+10
1    zone_2   40639.951072  101075.046219   24049.781471  6.820064e+11
2    zone_3   43846.119657  109084.497015   25920.847382  7.359823e+11
3    zone_4     124.846509     294.236862      75.792000  1.987578e+09
4    zone_5    2020.144845    4938.894823    1194.665446  3.253427e+10
5    zone_6   42409.371607  106492.683899   24793.156226  7.198562e+11
6    zone_7   43846.119657  109084.497015   25920.847382  7.359823e+11
7    zone_8     961.645714    2203.130647     576.547296  1.472747e+10
8    zone_9   23200.856254   38272.057888   17017.067723  2.595673e+11
9   zone_10   14312.432814   16429.244985   10071.147649  1.090403e+11
10  zone_11   27401.328491   64191.931382   16288.504744  4.264377e+11
11  zone_12   34618.104206   81600.660981   20111.478957  5.383384e+11
12  zone_13    5004.520869   11705.048867    3081.521302  7.873356e+10
13  zone_14    5739.421005   12988.308378    3623.393720  8.546594e+10
14  zone_15   16147.880248   37427.366377    9842.914520  2.504530e+11
15  zone_16    7800.900321   18108.271916    4678.764467  1.188702e+11
16  zone_17    8067.721270   19478.127569    4828.891716  1.306873e+11
17  zone_18   54914.753989  128343.811779   33148.712279  8.515907e+11
18  zone_19   20898.117113   47601.880533   12949.511462  3.151762e+11
19  zone_20   21650.111257   51384.104801   13159.850502  3.459648e+11
20  zone_21  393991.252273  973937.310628  229085.887863  6.559726e+12
